Prvky matice A su z intervalu [-100, 100].
Matica A:
93	36	-94	-77	-49	84	-33	-70	60	-20	-78	-92	-84	-30	-13	-56	-8	-81	-61	-2	-70	-88	-32	40	
-69	52	-12	0	68	-43	-68	65	-14	-85	56	-67	86	88	-38	-77	93	-48	-94	-67	32	-20	91	33	
95	49	-24	92	-49	52	59	8	83	-52	-22	30	55	76	85	-41	9	-33	49	96	4	5	84	-65	
92	-22	53	-32	63	51	-38	100	-64	-76	-52	47	-3	10	-14	-36	4	36	0	43	95	-17	-90	-75	
-3	31	59	17	-52	-24	6	-85	-47	-64	-19	30	-13	25	-63	-15	-54	-73	-4	0	30	32	48	100	
60	-66	-63	-56	86	14	-67	-12	-71	-52	-81	-10	-11	17	81	2	-2	44	81	-6	60	26	-46	-66	
-72	41	-2	51	-30	-85	20	-79	-73	-17	-74	9	-39	-59	96	-83	25	-79	22	-89	-9	-42	-16	-94	
-16	-94	-11	-49	-61	-90	-48	93	74	-91	89	-41	2	-40	-12	-48	36	31	24	37	-14	-14	10	12	
84	-45	29	1	-50	6	31	-100	16	81	92	49	2	-6	-78	61	-21	-1	72	-92	65	-97	89	77	
59	-91	42	40	23	56	38	55	10	89	15	-63	64	-54	-49	-95	-27	56	61	-86	-84	97	-17	34	
92	-81	51	79	-5	87	50	64	-71	-2	-88	38	59	69	-18	86	98	43	15	4	-74	-67	97	-62	
31	65	-45	92	-30	-74	-10	74	71	-2	-53	-64	29	-61	19	46	-93	81	-64	-81	-66	-79	-40	-26	
-93	39	36	9	66	14	-84	-84	25	-33	-30	-26	-24	-55	-48	-2	77	79	-52	64	-22	-26	40	-8	
70	-37	31	-73	17	-6	-54	-20	-30	80	65	25	63	-66	21	16	83	-33	78	64	67	-61	33	97	
87	90	-68	-70	10	-98	83	-48	3	-26	-97	56	7	-55	42	-53	60	40	-95	45	61	-2	8	-69	

Prvky matice B su z intervalu [-100, 100].
Matica B:
95583	-8129	2712	-8049	3586	585	5704	-4561	-2155	-9318	-15972	13727	4823	-4896	16485	
-8129	95562	-4508	-3254	7175	-13402	167	18876	-15928	-12099	-4470	-4353	16903	-2924	-3128	
2712	-4508	81909	4230	-915	-207	-950	-4482	-7167	-9434	31895	-1522	-15577	-6634	18433	
-8049	-3254	4230	73381	-11980	39804	-10965	1346	-24667	-3473	19911	-9370	-5362	3019	16446	
3586	7175	-915	-11980	50324	-17350	5642	-10825	20569	-12544	-12723	-19757	-738	597	-5064	
585	-13402	-207	39804	-17350	67952	9187	-4258	-19992	-3493	7365	-11716	-4932	5216	14176	
5704	167	-950	-10965	5642	9187	82726	-14590	-15424	-17452	-13703	9103	1175	-18457	24920	
-4561	18876	-4482	1346	-10825	-4258	-14590	66637	-7717	5133	-15710	4586	1309	10450	-8788	
-2155	-15928	-7167	-24667	20569	-19992	-15424	-7717	92521	8365	11834	-10951	-15629	39572	-19624	
-9318	-12099	-9434	-3473	-12544	-3493	-17452	5133	8365	86805	12731	7964	-18154	406	-31174	
-15972	-4470	31895	19911	-12723	7365	-13703	-15710	11834	12731	103164	-187	-4267	2482	-6946	
13727	-4353	-1522	-9370	-19757	-11716	9103	4586	-10951	7964	-187	85356	-3286	-33712	9178	
4823	16903	-15577	-5362	-738	-4932	1175	1309	-15629	-18154	-4267	-3286	61204	-672	7205	
-4896	-2924	-6634	3019	597	5216	-18457	10450	39572	406	2482	-33712	-672	74238	-3062	
16485	-3128	18433	16446	-5064	14176	24920	-8788	-19624	-31174	-6946	9178	7205	-3062	89767	

